./push_swap `seq 200 210 | sort -R | tr "\n" " "`
pb
pb
ra
ra
pb
ra
ra
pb
ra
pb
pb
pa
pa
pa
pa
pa
pa
ra
column: 0
sign:    1        203 :  0000 0000 0000 0000 0000 0000 1100 1011
sign:    1        205 :  0000 0000 0000 0000 0000 0000 1100 1101
sign:    1        208 :  0000 0000 0000 0000 0000 0000 1101 0000
sign:    1        207 :  0000 0000 0000 0000 0000 0000 1100 1111
sign:    1        201 :  0000 0000 0000 0000 0000 0000 1100 1001
sign:    1        200 :  0000 0000 0000 0000 0000 0000 1100 1000
sign:    1        209 :  0000 0000 0000 0000 0000 0000 1101 0001
sign:    1        204 :  0000 0000 0000 0000 0000 0000 1100 1100
sign:    1        206 :  0000 0000 0000 0000 0000 0000 1100 1110
column: 0
sign:    1        205 :  0000 0000 0000 0000 0000 0000 1100 1101
sign:    1        208 :  0000 0000 0000 0000 0000 0000 1101 0000
sign:    1        207 :  0000 0000 0000 0000 0000 0000 1100 1111
sign:    1        201 :  0000 0000 0000 0000 0000 0000 1100 1001
sign:    1        200 :  0000 0000 0000 0000 0000 0000 1100 1000
sign:    1        209 :  0000 0000 0000 0000 0000 0000 1101 0001
sign:    1        204 :  0000 0000 0000 0000 0000 0000 1100 1100
sign:    1        206 :  0000 0000 0000 0000 0000 0000 1100 1110
sign:    1        203 :  0000 0000 0000 0000 0000 0000 1100 1011
column: 0
sign:    1        207 :  0000 0000 0000 0000 0000 0000 1100 1111
sign:    1        201 :  0000 0000 0000 0000 0000 0000 1100 1001
sign:    1        200 :  0000 0000 0000 0000 0000 0000 1100 1000
sign:    1        209 :  0000 0000 0000 0000 0000 0000 1101 0001
sign:    1        204 :  0000 0000 0000 0000 0000 0000 1100 1100
sign:    1        206 :  0000 0000 0000 0000 0000 0000 1100 1110
sign:    1        203 :  0000 0000 0000 0000 0000 0000 1100 1011
sign:    1        205 :  0000 0000 0000 0000 0000 0000 1100 1101
column: 0
sign:    1        201 :  0000 0000 0000 0000 0000 0000 1100 1001
sign:    1        200 :  0000 0000 0000 0000 0000 0000 1100 1000
sign:    1        209 :  0000 0000 0000 0000 0000 0000 1101 0001
sign:    1        204 :  0000 0000 0000 0000 0000 0000 1100 1100
sign:    1        206 :  0000 0000 0000 0000 0000 0000 1100 1110
sign:    1        203 :  0000 0000 0000 0000 0000 0000 1100 1011
sign:    1        205 :  0000 0000 0000 0000 0000 0000 1100 1101
sign:    1        207 :  0000 0000 0000 0000 0000 0000 1100 1111
column: 0
sign:    1        209 :  0000 0000 0000 0000 0000 0000 1101 0001
sign:    1        204 :  0000 0000 0000 0000 0000 0000 1100 1100
sign:    1        206 :  0000 0000 0000 0000 0000 0000 1100 1110
sign:    1        203 :  0000 0000 0000 0000 0000 0000 1100 1011
sign:    1        205 :  0000 0000 0000 0000 0000 0000 1100 1101
sign:    1        207 :  0000 0000 0000 0000 0000 0000 1100 1111
sign:    1        201 :  0000 0000 0000 0000 0000 0000 1100 1001
column: 1
sign:    1        202 :  0000 0000 0000 0000 0000 0000 1100 1010
sign:    1        210 :  0000 0000 0000 0000 0000 0000 1101 0010
sign:    1        208 :  0000 0000 0000 0000 0000 0000 1101 0000
sign:    1        200 :  0000 0000 0000 0000 0000 0000 1100 1000
sign:    1        204 :  0000 0000 0000 0000 0000 0000 1100 1100
sign:    1        206 :  0000 0000 0000 0000 0000 0000 1100 1110
sign:    1        203 :  0000 0000 0000 0000 0000 0000 1100 1011
sign:    1        205 :  0000 0000 0000 0000 0000 0000 1100 1101
sign:    1        207 :  0000 0000 0000 0000 0000 0000 1100 1111
sign:    1        201 :  0000 0000 0000 0000 0000 0000 1100 1001
sign:    1        209 :  0000 0000 0000 0000 0000 0000 1101 0001
column: 1
sign:    1        210 :  0000 0000 0000 0000 0000 0000 1101 0010
sign:    1        208 :  0000 0000 0000 0000 0000 0000 1101 0000
sign:    1        200 :  0000 0000 0000 0000 0000 0000 1100 1000
sign:    1        204 :  0000 0000 0000 0000 0000 0000 1100 1100
sign:    1        206 :  0000 0000 0000 0000 0000 0000 1100 1110
sign:    1        203 :  0000 0000 0000 0000 0000 0000 1100 1011
sign:    1        205 :  0000 0000 0000 0000 0000 0000 1100 1101
sign:    1        207 :  0000 0000 0000 0000 0000 0000 1100 1111
sign:    1        201 :  0000 0000 0000 0000 0000 0000 1100 1001
sign:    1        209 :  0000 0000 0000 0000 0000 0000 1101 0ra
pb
pb
pb
ra
ra
pb
ra
pb
pb
pa
pa
pa
pa
pa
pa
pb
pb
ra
ra
pb
pb
pb
pb
ra
pb
pa
pa
pa
pa
pa
pa
pa
pb
ra
001
sign:    1        202 :  0000 0000 0000 0000 0000 0000 1100 1010
column: 1
sign:    1        206 :  0000 0000 0000 0000 0000 0000 1100 1110
sign:    1        203 :  0000 0000 0000 0000 0000 0000 1100 1011
sign:    1        205 :  0000 0000 0000 0000 0000 0000 1100 1101
sign:    1        207 :  0000 0000 0000 0000 0000 0000 1100 1111
sign:    1        201 :  0000 0000 0000 0000 0000 0000 1100 1001
sign:    1        209 :  0000 0000 0000 0000 0000 0000 1101 0001
sign:    1        202 :  0000 0000 0000 0000 0000 0000 1100 1010
sign:    1        210 :  0000 0000 0000 0000 0000 0000 1101 0010
column: 1
sign:    1        203 :  0000 0000 0000 0000 0000 0000 1100 1011
sign:    1        205 :  0000 0000 0000 0000 0000 0000 1100 1101
sign:    1        207 :  0000 0000 0000 0000 0000 0000 1100 1111
sign:    1        201 :  0000 0000 0000 0000 0000 0000 1100 1001
sign:    1        209 :  0000 0000 0000 0000 0000 0000 1101 0001
sign:    1        202 :  0000 0000 0000 0000 0000 0000 1100 1010
sign:    1        210 :  0000 0000 0000 0000 0000 0000 1101 0010
sign:    1        206 :  0000 0000 0000 0000 0000 0000 1100 1110
column: 1
sign:    1        207 :  0000 0000 0000 0000 0000 0000 1100 1111
sign:    1        201 :  0000 0000 0000 0000 0000 0000 1100 1001
sign:    1        209 :  0000 0000 0000 0000 0000 0000 1101 0001
sign:    1        202 :  0000 0000 0000 0000 0000 0000 1100 1010
sign:    1        210 :  0000 0000 0000 0000 0000 0000 1101 0010
sign:    1        206 :  0000 0000 0000 0000 0000 0000 1100 1110
sign:    1        203 :  0000 0000 0000 0000 0000 0000 1100 1011
column: 2
sign:    1        204 :  0000 0000 0000 0000 0000 0000 1100 1100
sign:    1        205 :  0000 0000 0000 0000 0000 0000 1100 1101
sign:    1        201 :  0000 0000 0000 0000 0000 0000 1100 1001
sign:    1        209 :  0000 0000 0000 0000 0000 0000 1101 0001
sign:    1        202 :  0000 0000 0000 0000 0000 0000 1100 1010
sign:    1        210 :  0000 0000 0000 0000 0000 0000 1101 0010
sign:    1        206 :  0000 0000 0000 0000 0000 0000 1100 1110
sign:    1        203 :  0000 0000 0000 0000 0000 0000 1100 1011
sign:    1        207 :  0000 0000 0000 0000 0000 0000 1100 1111
column: 2
sign:    1        205 :  0000 0000 0000 0000 0000 0000 1100 1101
sign:    1        201 :  0000 0000 0000 0000 0000 0000 1100 1001
sign:    1        209 :  0000 0000 0000 0000 0000 0000 1101 0001
sign:    1        202 :  0000 0000 0000 0000 0000 0000 1100 1010
sign:    1        210 :  0000 0000 0000 0000 0000 0000 1101 0010
sign:    1        206 :  0000 0000 0000 0000 0000 0000 1100 1110
sign:    1        203 :  0000 0000 0000 0000 0000 0000 1100 1011
sign:    1        207 :  0000 0000 0000 0000 0000 0000 1100 1111
sign:    1        204 :  0000 0000 0000 0000 0000 0000 1100 1100
column: 2
sign:    1        206 :  0000 0000 0000 0000 0000 0000 1100 1110
sign:    1        203 :  0000 0000 0000 0000 0000 0000 1100 1011
sign:    1        207 :  0000 0000 0000 0000 0000 0000 1100 1111
sign:    1        204 :  0000 0000 0000 0000 0000 0000 1100 1100
sign:    1        205 :  0000 0000 0000 0000 0000 0000 1100 1101
column: 2
sign:    1        207 :  0000 0000 0000 0000 0000 0000 1100 1111
sign:    1        204 :  0000 0000 0000 0000 0000 0000 1100 1100
sign:    1        205 :  0000 0000 0000 0000 0000 0000 1100 1101
sign:    1        206 :  0000 0000 0000 0000 0000 0000 1100 1110
column: 3
sign:    1        200 :  0000 0000 0000 0000 0000 0000 1100 1000
sign:    1        201 :  0000 0000 0000 0000 0000 0000 1100 1001
sign:    1        209 :  0000 0000 0000 0000 0000 0000 1101 0001
sign:    1        202 :  0000 0000 0000 0000 0000 0000 1100 1010
sign:    1        210 :  0000 0000 0000 0000 0000 0000 1101 0010
sign:    1        203 :  0000 0000 0000 0000 0000 0000 1100 1011
sign:    1        207 :  0000 0000 0000 0000 0000 0000 1100 1111
sign:    1        204 :  0000 0000 0000 0000 0000 0000 1100 1100
sign:    1        205 :  0000 0000 0000 0000 0000 0000 1100 1101
sign:    1        206 :  0000 0000 0000 0000 0000 0000 1100 1110
column: 3
sign:    1        201 :  0000 0000 00ra
pb
ra
pb
pa
pa
pa
00 0000 0000 0000 1100 1001
sign:    1        209 :  0000 0000 0000 0000 0000 0000 1101 0001
sign:    1        202 :  0000 0000 0000 0000 0000 0000 1100 1010
sign:    1        210 :  0000 0000 0000 0000 0000 0000 1101 0010
sign:    1        203 :  0000 0000 0000 0000 0000 0000 1100 1011
sign:    1        207 :  0000 0000 0000 0000 0000 0000 1100 1111
sign:    1        204 :  0000 0000 0000 0000 0000 0000 1100 1100
sign:    1        205 :  0000 0000 0000 0000 0000 0000 1100 1101
sign:    1        206 :  0000 0000 0000 0000 0000 0000 1100 1110
sign:    1        200 :  0000 0000 0000 0000 0000 0000 1100 1000
column: 3
sign:    1        202 :  0000 0000 0000 0000 0000 0000 1100 1010
sign:    1        210 :  0000 0000 0000 0000 0000 0000 1101 0010
sign:    1        203 :  0000 0000 0000 0000 0000 0000 1100 1011
sign:    1        207 :  0000 0000 0000 0000 0000 0000 1100 1111
sign:    1        204 :  0000 0000 0000 0000 0000 0000 1100 1100
sign:    1        205 :  0000 0000 0000 0000 0000 0000 1100 1101
sign:    1        206 :  0000 0000 0000 0000 0000 0000 1100 1110
sign:    1        200 :  0000 0000 0000 0000 0000 0000 1100 1000
sign:    1        201 :  0000 0000 0000 0000 0000 0000 1100 1001
column: 3
sign:    1        203 :  0000 0000 0000 0000 0000 0000 1100 1011
sign:    1        207 :  0000 0000 0000 0000 0000 0000 1100 1111
sign:    1        204 :  0000 0000 0000 0000 0000 0000 1100 1100
sign:    1        205 :  0000 0000 0000 0000 0000 0000 1100 1101
sign:    1        206 :  0000 0000 0000 0000 0000 0000 1100 1110
sign:    1        200 :  0000 0000 0000 0000 0000 0000 1100 1000
sign:    1        201 :  0000 0000 0000 0000 0000 0000 1100 1001
sign:    1        202 :  0000 0000 0000 0000 0000 0000 1100 1010
column: 3
sign:    1        203 :  0000 0000 0000 0000 0000 0000 1100 1011
sign:    1        207 :  0000 0000 0000 0000 0000 0000 1100 1111
sign:    1        204 :  0000 0000 0000 0000 0000 0000 1100 1100
sign:    1        205 :  0000 0000 0000 0000 0000 0000 1100 1101
sign:    1        206 :  0000 0000 0000 0000 0000 0000 1100 1110
sign:    1        200 :  0000 0000 0000 0000 0000 0000 1100 1000
sign:    1        201 :  0000 0000 0000 0000 0000 0000 1100 1001
sign:    1        202 :  0000 0000 0000 0000 0000 0000 1100 1010
column: 3
sign:    1        203 :  0000 0000 0000 0000 0000 0000 1100 1011
sign:    1        207 :  0000 0000 0000 0000 0000 0000 1100 1111
sign:    1        204 :  0000 0000 0000 0000 0000 0000 1100 1100
sign:    1        205 :  0000 0000 0000 0000 0000 0000 1100 1101
sign:    1        206 :  0000 0000 0000 0000 0000 0000 1100 1110
sign:    1        200 :  0000 0000 0000 0000 0000 0000 1100 1000
sign:    1        201 :  0000 0000 0000 0000 0000 0000 1100 1001
sign:    1        202 :  0000 0000 0000 0000 0000 0000 1100 1010
column: 3
sign:    1        203 :  0000 0000 0000 0000 0000 0000 1100 1011
sign:    1        207 :  0000 0000 0000 0000 0000 0000 1100 1111
sign:    1        204 :  0000 0000 0000 0000 0000 0000 1100 1100
sign:    1        205 :  0000 0000 0000 0000 0000 0000 1100 1101
sign:    1        206 :  0000 0000 0000 0000 0000 0000 1100 1110
sign:    1        200 :  0000 0000 0000 0000 0000 0000 1100 1000
sign:    1        201 :  0000 0000 0000 0000 0000 0000 1100 1001
sign:    1        202 :  0000 0000 0000 0000 0000 0000 1100 1010
column: 3
sign:    1        203 :  0000 0000 0000 0000 0000 0000 1100 1011
sign:    1        207 :  0000 0000 0000 0000 0000 0000 1100 1111
sign:    1        204 :  0000 0000 0000 0000 0000 0000 1100 1100
sign:    1        205 :  0000 0000 0000 0000 0000 0000 1100 1101
sign:    1        206 :  0000 0000 0000 0000 0000 0000 1100 1110
sign:    1        200 :  0000 0000 0000 0000 0000 0000 1100 1000
sign:    1        201 :  0000 0000 0000 0000 0000 0000 1100 1001
sign:    1        202 :  0000 0000 0000 0000 0000 0000 1100 1010
column: 4
sign:    1        208 :  0000 0000 0000 0000 0000 0000 1101 0000
sign:    1        209 :  0000 0000 0000 0000 0000 0000 1101 0001
sign:    1        210 :  0000 0000 0000 0000 0000 0000 1101 0010
sign:    1        203 :  0000 000ra
ra
ra
pb
pb
pb
pb
pb
pb
pb
pb
pa
pa
pa
pa
pa
pa
pa
pa
pb
pb
pb
pb
pb
pb
pb
pb
pb
pb
pb
pa
pa
pa
pa
pa
pa
pa
pa
pa
pa
pa
0 0000 0000 0000 0000 1100 1011
sign:    1        207 :  0000 0000 0000 0000 0000 0000 1100 1111
sign:    1        204 :  0000 0000 0000 0000 0000 0000 1100 1100
sign:    1        205 :  0000 0000 0000 0000 0000 0000 1100 1101
sign:    1        206 :  0000 0000 0000 0000 0000 0000 1100 1110
sign:    1        200 :  0000 0000 0000 0000 0000 0000 1100 1000
sign:    1        201 :  0000 0000 0000 0000 0000 0000 1100 1001
sign:    1        202 :  0000 0000 0000 0000 0000 0000 1100 1010
column: 4
sign:    1        209 :  0000 0000 0000 0000 0000 0000 1101 0001
sign:    1        210 :  0000 0000 0000 0000 0000 0000 1101 0010
sign:    1        203 :  0000 0000 0000 0000 0000 0000 1100 1011
sign:    1        207 :  0000 0000 0000 0000 0000 0000 1100 1111
sign:    1        204 :  0000 0000 0000 0000 0000 0000 1100 1100
sign:    1        205 :  0000 0000 0000 0000 0000 0000 1100 1101
sign:    1        206 :  0000 0000 0000 0000 0000 0000 1100 1110
sign:    1        200 :  0000 0000 0000 0000 0000 0000 1100 1000
sign:    1        201 :  0000 0000 0000 0000 0000 0000 1100 1001
sign:    1        202 :  0000 0000 0000 0000 0000 0000 1100 1010
sign:    1        208 :  0000 0000 0000 0000 0000 0000 1101 0000
column: 4
sign:    1        210 :  0000 0000 0000 0000 0000 0000 1101 0010
sign:    1        203 :  0000 0000 0000 0000 0000 0000 1100 1011
sign:    1        207 :  0000 0000 0000 0000 0000 0000 1100 1111
sign:    1        204 :  0000 0000 0000 0000 0000 0000 1100 1100
sign:    1        205 :  0000 0000 0000 0000 0000 0000 1100 1101
sign:    1        206 :  0000 0000 0000 0000 0000 0000 1100 1110
sign:    1        200 :  0000 0000 0000 0000 0000 0000 1100 1000
sign:    1        201 :  0000 0000 0000 0000 0000 0000 1100 1001
sign:    1        202 :  0000 0000 0000 0000 0000 0000 1100 1010
sign:    1        208 :  0000 0000 0000 0000 0000 0000 1101 0000
sign:    1        209 :  0000 0000 0000 0000 0000 0000 1101 0001
column: 6
sign:    1        203 :  0000 0000 0000 0000 0000 0000 1100 1011
sign:    1        207 :  0000 0000 0000 0000 0000 0000 1100 1111
sign:    1        204 :  0000 0000 0000 0000 0000 0000 1100 1100
sign:    1        205 :  0000 0000 0000 0000 0000 0000 1100 1101
sign:    1        206 :  0000 0000 0000 0000 0000 0000 1100 1110
sign:    1        200 :  0000 0000 0000 0000 0000 0000 1100 1000
sign:    1        201 :  0000 0000 0000 0000 0000 0000 1100 1001
sign:    1        202 :  0000 0000 0000 0000 0000 0000 1100 1010
sign:    1        208 :  0000 0000 0000 0000 0000 0000 1101 0000
sign:    1        209 :  0000 0000 0000 0000 0000 0000 1101 0001
sign:    1        210 :  0000 0000 0000 0000 0000 0000 1101 0010
column: 6
sign:    1        203 :  0000 0000 0000 0000 0000 0000 1100 1011
sign:    1        207 :  0000 0000 0000 0000 0000 0000 1100 1111
sign:    1        204 :  0000 0000 0000 0000 0000 0000 1100 1100
sign:    1        205 :  0000 0000 0000 0000 0000 0000 1100 1101
sign:    1        206 :  0000 0000 0000 0000 0000 0000 1100 1110
sign:    1        200 :  0000 0000 0000 0000 0000 0000 1100 1000
sign:    1        201 :  0000 0000 0000 0000 0000 0000 1100 1001
sign:    1        202 :  0000 0000 0000 0000 0000 0000 1100 1010
sign:    1        208 :  0000 0000 0000 0000 0000 0000 1101 0000
sign:    1        209 :  0000 0000 0000 0000 0000 0000 1101 0001
sign:    1        210 :  0000 0000 0000 0000 0000 0000 1101 0010
column: 6
sign:    1        203 :  0000 0000 0000 0000 0000 0000 1100 1011
sign:    1        207 :  0000 0000 0000 0000 0000 0000 1100 1111
sign:    1        204 :  0000 0000 0000 0000 0000 0000 1100 1100
sign:    1        205 :  0000 0000 0000 0000 0000 0000 1100 1101
sign:    1        206 :  0000 0000 0000 0000 0000 0000 1100 1110
sign:    1        200 :  0000 0000 0000 0000 0000 0000 1100 1000
sign:    1        201 :  0000 0000 0000 0000 0000 0000 1100 1001
sign:    1        202 :  0000 0000 0000 0000 0000 0000 1100 1010
sign:    1        208 :  0000 0000 0000 0000 0000 0000 1101 0000
sign:    1        209 :  0000 0000 0000 0000 0000 0000 1101 0001
sign:    1        210 :  0000 0000 0000 0000 0000 0000 1101 0010
column: 6
sign:    1        203 :  0000 0000 0000 0000 0000 0000 1100 1011
sign:    1        207 :  0000 0000 0000 0000 0000 0000 1100 1111
sign:    1        204 :  0000 0000 0000 0000 0000 0000 1100 1100
sign:    1        205 :  0000 0000 0000 0000 0000 0000 1100 1101
sign:    1        206 :  0000 0000 0000 0000 0000 0000 1100 1110
sign:    1        200 :  0000 0000 0000 0000 0000 0000 1100 1000
sign:    1        201 :  0000 0000 0000 0000 0000 0000 1100 1001
sign:    1        202 :  0000 0000 0000 0000 0000 0000 1100 1010
sign:    1        208 :  0000 0000 0000 0000 0000 0000 1101 0000
sign:    1        209 :  0000 0000 0000 0000 0000 0000 1101 0001
sign:    1        210 :  0000 0000 0000 0000 0000 0000 1101 0010
column: 6
sign:    1        203 :  0000 0000 0000 0000 0000 0000 1100 1011
sign:    1        207 :  0000 0000 0000 0000 0000 0000 1100 1111
sign:    1        204 :  0000 0000 0000 0000 0000 0000 1100 1100
sign:    1        205 :  0000 0000 0000 0000 0000 0000 1100 1101
sign:    1        206 :  0000 0000 0000 0000 0000 0000 1100 1110
sign:    1        200 :  0000 0000 0000 0000 0000 0000 1100 1000
sign:    1        201 :  0000 0000 0000 0000 0000 0000 1100 1001
sign:    1        202 :  0000 0000 0000 0000 0000 0000 1100 1010
sign:    1        208 :  0000 0000 0000 0000 0000 0000 1101 0000
sign:    1        209 :  0000 0000 0000 0000 0000 0000 1101 0001
sign:    1        210 :  0000 0000 0000 0000 0000 0000 1101 0010
column: 6
sign:    1        203 :  0000 0000 0000 0000 0000 0000 1100 1011
sign:    1        207 :  0000 0000 0000 0000 0000 0000 1100 1111
sign:    1        204 :  0000 0000 0000 0000 0000 0000 1100 1100
sign:    1        205 :  0000 0000 0000 0000 0000 0000 1100 1101
sign:    1        206 :  0000 0000 0000 0000 0000 0000 1100 1110
sign:    1        200 :  0000 0000 0000 0000 0000 0000 1100 1000
sign:    1        201 :  0000 0000 0000 0000 0000 0000 1100 1001
sign:    1        202 :  0000 0000 0000 0000 0000 0000 1100 1010
sign:    1        208 :  0000 0000 0000 0000 0000 0000 1101 0000
sign:    1        209 :  0000 0000 0000 0000 0000 0000 1101 0001
sign:    1        210 :  0000 0000 0000 0000 0000 0000 1101 0010
column: 6
sign:    1        203 :  0000 0000 0000 0000 0000 0000 1100 1011
sign:    1        207 :  0000 0000 0000 0000 0000 0000 1100 1111
sign:    1        204 :  0000 0000 0000 0000 0000 0000 1100 1100
sign:    1        205 :  0000 0000 0000 0000 0000 0000 1100 1101
sign:    1        206 :  0000 0000 0000 0000 0000 0000 1100 1110
sign:    1        200 :  0000 0000 0000 0000 0000 0000 1100 1000
sign:    1        201 :  0000 0000 0000 0000 0000 0000 1100 1001
sign:    1        202 :  0000 0000 0000 0000 0000 0000 1100 1010
sign:    1        208 :  0000 0000 0000 0000 0000 0000 1101 0000
sign:    1        209 :  0000 0000 0000 0000 0000 0000 1101 0001
sign:    1        210 :  0000 0000 0000 0000 0000 0000 1101 0010
column: 6
sign:    1        203 :  0000 0000 0000 0000 0000 0000 1100 1011
sign:    1        207 :  0000 0000 0000 0000 0000 0000 1100 1111
sign:    1        204 :  0000 0000 0000 0000 0000 0000 1100 1100
sign:    1        205 :  0000 0000 0000 0000 0000 0000 1100 1101
sign:    1        206 :  0000 0000 0000 0000 0000 0000 1100 1110
sign:    1        200 :  0000 0000 0000 0000 0000 0000 1100 1000
sign:    1        201 :  0000 0000 0000 0000 0000 0000 1100 1001
sign:    1        202 :  0000 0000 0000 0000 0000 0000 1100 1010
sign:    1        208 :  0000 0000 0000 0000 0000 0000 1101 0000
sign:    1        209 :  0000 0000 0000 0000 0000 0000 1101 0001
sign:    1        210 :  0000 0000 0000 0000 0000 0000 1101 0010
column: 6
sign:    1        203 :  0000 0000 0000 0000 0000 0000 1100 1011
sign:    1        207 :  0000 0000 0000 0000 0000 0000 1100 1111
sign:    1        204 :  0000 0000 0000 0000 0000 0000 1100 1100
sign:    1        205 :  0000 0000 0000 0000 0000 0000 1100 1101
sign:    1        206 :  0000 0000 0000 0000 0000 0000 1100 1110
sign:    1        200 :  0000 0000 0000 0000 0000 0000 1100 1000
sign:    1        201 :  0000 0000 0000 0000 0000 0000 1100 1001
sign:    1        202 :  0000 0000 0000 0000 0000 0000 1100 1010
sign:    1        208 :  0000 0000 0000 0000 0000 0000 1101 0000
sign:    1        209 :  0000 0000 0000 0000 0000 0000 1101 0001
sign:    1        210 :  0000 0000 0000 0000 0000 0000 1101 0010
column: 6
sign:    1        203 :  0000 0000 0000 0000 0000 0000 1100 1011
sign:    1        207 :  0000 0000 0000 0000 0000 0000 1100 1111
sign:    1        204 :  0000 0000 0000 0000 0000 0000 1100 1100
sign:    1        205 :  0000 0000 0000 0000 0000 0000 1100 1101
sign:    1        206 :  0000 0000 0000 0000 0000 0000 1100 1110
sign:    1        200 :  0000 0000 0000 0000 0000 0000 1100 1000
sign:    1        201 :  0000 0000 0000 0000 0000 0000 1100 1001
sign:    1        202 :  0000 0000 0000 0000 0000 0000 1100 1010
sign:    1        208 :  0000 0000 0000 0000 0000 0000 1101 0000
sign:    1        209 :  0000 0000 0000 0000 0000 0000 1101 0001
sign:    1        210 :  0000 0000 0000 0000 0000 0000 1101 0010
column: 6
sign:    1        203 :  0000 0000 0000 0000 0000 0000 1100 1011
sign:    1        207 :  0000 0000 0000 0000 0000 0000 1100 1111
sign:    1        204 :  0000 0000 0000 0000 0000 0000 1100 1100
sign:    1        205 :  0000 0000 0000 0000 0000 0000 1100 1101
sign:    1        206 :  0000 0000 0000 0000 0000 0000 1100 1110
sign:    1        200 :  0000 0000 0000 0000 0000 0000 1100 1000
sign:    1        201 :  0000 0000 0000 0000 0000 0000 1100 1001
sign:    1        202 :  0000 0000 0000 0000 0000 0000 1100 1010
sign:    1        208 :  0000 0000 0000 0000 0000 0000 1101 0000
sign:    1        209 :  0000 0000 0000 0000 0000 0000 1101 0001
sign:    1        210 :  0000 0000 0000 0000 0000 0000 1101 0010
column: 7
sign:    1        203 :  0000 0000 0000 0000 0000 0000 1100 1011
sign:    1        207 :  0000 0000 0000 0000 0000 0000 1100 1111
sign:    1        204 :  0000 0000 0000 0000 0000 0000 1100 1100
sign:    1        205 :  0000 0000 0000 0000 0000 0000 1100 1101
sign:    1        206 :  0000 0000 0000 0000 0000 0000 1100 1110
sign:    1        200 :  0000 0000 0000 0000 0000 0000 1100 1000
sign:    1        201 :  0000 0000 0000 0000 0000 0000 1100 1001
sign:    1        202 :  0000 0000 0000 0000 0000 0000 1100 1010
sign:    1        208 :  0000 0000 0000 0000 0000 0000 1101 0000
sign:    1        209 :  0000 0000 0000 0000 0000 0000 1101 0001
sign:    1        210 :  0000 0000 0000 0000 0000 0000 1101 0010
column: 7
sign:    1        203 :  0000 0000 0000 0000 0000 0000 1100 1011
sign:    1        207 :  0000 0000 0000 0000 0000 0000 1100 1111
sign:    1        204 :  0000 0000 0000 0000 0000 0000 1100 1100
sign:    1        205 :  0000 0000 0000 0000 0000 0000 1100 1101
sign:    1        206 :  0000 0000 0000 0000 0000 0000 1100 1110
sign:    1        200 :  0000 0000 0000 0000 0000 0000 1100 1000
sign:    1        201 :  0000 0000 0000 0000 0000 0000 1100 1001
sign:    1        202 :  0000 0000 0000 0000 0000 0000 1100 1010
sign:    1        208 :  0000 0000 0000 0000 0000 0000 1101 0000
sign:    1        209 :  0000 0000 0000 0000 0000 0000 1101 0001
sign:    1        210 :  0000 0000 0000 0000 0000 0000 1101 0010
column: 7
sign:    1        203 :  0000 0000 0000 0000 0000 0000 1100 1011
sign:    1        207 :  0000 0000 0000 0000 0000 0000 1100 1111
sign:    1        204 :  0000 0000 0000 0000 0000 0000 1100 1100
sign:    1        205 :  0000 0000 0000 0000 0000 0000 1100 1101
sign:    1        206 :  0000 0000 0000 0000 0000 0000 1100 1110
sign:    1        200 :  0000 0000 0000 0000 0000 0000 1100 1000
sign:    1        201 :  0000 0000 0000 0000 0000 0000 1100 1001
sign:    1        202 :  0000 0000 0000 0000 0000 0000 1100 1010
sign:    1        208 :  0000 0000 0000 0000 0000 0000 1101 0000
sign:    1        209 :  0000 0000 0000 0000 0000 0000 1101 0001
sign:    1        210 :  0000 0000 0000 0000 0000 0000 1101 0010
column: 7
sign:    1        203 :  0000 0000 0000 0000 0000 0000 1100 1011
sign:    1        207 :  0000 0000 0000 0000 0000 0000 1100 1111
sign:    1        204 :  0000 0000 0000 0000 0000 0000 1100 1100
sign:    1        205 :  0000 0000 0000 0000 0000 0000 1100 1101
sign:    1        206 :  0000 0000 0000 0000 0000 0000 1100 1110
sign:    1        200 :  0000 0000 0000 0000 0000 0000 1100 1000
sign:    1        201 :  0000 0000 0000 0000 0000 0000 1100 1001
sign:    1        202 :  0000 0000 0000 0000 0000 0000 1100 1010
sign:    1        208 :  0000 0000 0000 0000 0000 0000 1101 0000
sign:    1        209 :  0000 0000 0000 0000 0000 0000 1101 0001
sign:    1        210 :  0000 0000 0000 0000 0000 0000 1101 0010
column: 7
sign:    1        203 :  0000 0000 0000 0000 0000 0000 1100 1011
sign:    1        207 :  0000 0000 0000 0000 0000 0000 1100 1111
sign:    1        204 :  0000 0000 0000 0000 0000 0000 1100 1100
sign:    1        205 :  0000 0000 0000 0000 0000 0000 1100 1101
sign:    1        206 :  0000 0000 0000 0000 0000 0000 1100 1110
sign:    1        200 :  0000 0000 0000 0000 0000 0000 1100 1000
sign:    1        201 :  0000 0000 0000 0000 0000 0000 1100 1001
sign:    1        202 :  0000 0000 0000 0000 0000 0000 1100 1010
sign:    1        208 :  0000 0000 0000 0000 0000 0000 1101 0000
sign:    1        209 :  0000 0000 0000 0000 0000 0000 1101 0001
sign:    1        210 :  0000 0000 0000 0000 0000 0000 1101 0010
column: 7
sign:    1        203 :  0000 0000 0000 0000 0000 0000 1100 1011
sign:    1        207 :  0000 0000 0000 0000 0000 0000 1100 1111
sign:    1        204 :  0000 0000 0000 0000 0000 0000 1100 1100
sign:    1        205 :  0000 0000 0000 0000 0000 0000 1100 1101
sign:    1        206 :  0000 0000 0000 0000 0000 0000 1100 1110
sign:    1        200 :  0000 0000 0000 0000 0000 0000 1100 1000
sign:    1        201 :  0000 0000 0000 0000 0000 0000 1100 1001
sign:    1        202 :  0000 0000 0000 0000 0000 0000 1100 1010
sign:    1        208 :  0000 0000 0000 0000 0000 0000 1101 0000
sign:    1        209 :  0000 0000 0000 0000 0000 0000 1101 0001
sign:    1        210 :  0000 0000 0000 0000 0000 0000 1101 0010
column: 7
sign:    1        203 :  0000 0000 0000 0000 0000 0000 1100 1011
sign:    1        207 :  0000 0000 0000 0000 0000 0000 1100 1111
sign:    1        204 :  0000 0000 0000 0000 0000 0000 1100 1100
sign:    1        205 :  0000 0000 0000 0000 0000 0000 1100 1101
sign:    1        206 :  0000 0000 0000 0000 0000 0000 1100 1110
sign:    1        200 :  0000 0000 0000 0000 0000 0000 1100 1000
sign:    1        201 :  0000 0000 0000 0000 0000 0000 1100 1001
sign:    1        202 :  0000 0000 0000 0000 0000 0000 1100 1010
sign:    1        208 :  0000 0000 0000 0000 0000 0000 1101 0000
sign:    1        209 :  0000 0000 0000 0000 0000 0000 1101 0001
sign:    1        210 :  0000 0000 0000 0000 0000 0000 1101 0010
column: 7
sign:    1        203 :  0000 0000 0000 0000 0000 0000 1100 1011
sign:    1        207 :  0000 0000 0000 0000 0000 0000 1100 1111
sign:    1        204 :  0000 0000 0000 0000 0000 0000 1100 1100
sign:    1        205 :  0000 0000 0000 0000 0000 0000 1100 1101
sign:    1        206 :  0000 0000 0000 0000 0000 0000 1100 1110
sign:    1        200 :  0000 0000 0000 0000 0000 0000 1100 1000
sign:    1        201 :  0000 0000 0000 0000 0000 0000 1100 1001
sign:    1        202 :  0000 0000 0000 0000 0000 0000 1100 1010
sign:    1        208 :  0000 0000 0000 0000 0000 0000 1101 0000
sign:    1        209 :  0000 0000 0000 0000 0000 0000 1101 0001
sign:    1        210 :  0000 0000 0000 0000 0000 0000 1101 0010
column: 7
sign:    1        203 :  0000 0000 0000 0000 0000 0000 1100 1011
sign:    1        207 :  0000 0000 0000 0000 0000 0000 1100 1111
sign:    1        204 :  0000 0000 0000 0000 0000 0000 1100 1100
sign:    1        205 :  0000 0000 0000 0000 0000 0000 1100 1101
sign:    1        206 :  0000 0000 0000 0000 0000 0000 1100 1110
sign:    1        200 :  0000 0000 0000 0000 0000 0000 1100 1000
sign:    1        201 :  0000 0000 0000 0000 0000 0000 1100 1001
sign:    1        202 :  0000 0000 0000 0000 0000 0000 1100 1010
sign:    1        208 :  0000 0000 0000 0000 0000 0000 1101 0000
sign:    1        209 :  0000 0000 0000 0000 0000 0000 1101 0001
sign:    1  pb
pb
pb
pb
pb
pb
pb
pb
pb
pb
pb
pa
pa
pa
pa
pa
pa
pa
pa
pa
pa
pa
pb
pb
pb
pb
pb
pb
pb
pb
pb
pb
pb
pa
pa
pa
pa
pa
pa
pa
pa
pa
pa
pa
pb
pb
pb
pb
pb
pb
pb
pb
pb
pb
pb
pa
pa
pa
pa
pa
pa
pa
pa
pa
pa
pa
pb
pb
pb
pb
pb
pb
pb
pb
pb
pb
pb
pa
pa
pa
pa
pa
pa
pa
pa
pa
pa
pa
pb
pb
pb
pb
pb
pb
pb
pb
pb
pb
pb
pa
pa
pa
pa
pa
pa
pa
pa
pa
pa
pa
pb
pb
pb
pb
pb
pb
pb
pb
pb
pb
pb
pa
pa
pa
pa
pa
pa
pa
pa
pa
pa
pa
pb
pb
pb
pb
pb
pb
pb
pb
pb
pb
pb
pa
pa
pa
pa
pa
pa
pa
pa
pa
pa
pa
pb
pb
pb
pb
pb
pb
pb
pb
pb
pb
pb
pa
pa
pa
pa
pa
pa
pa
pa
pa
pa
pa
pb
pb
pb
pb
pb
pb
pb
pb
pb
pb
pb
pa
pa
pa
pa
pa
pa
pa
pa
pa
pa
pa
pb
pb
pb
pb
pb
pb
pb
pb
pb
pb
pb
pa
pa
pa
pa
pa
pa
pa
pa
pa
pa
pa
pb
pb
pb
pb
pb
pb
pb
pb
pb
pb
pb
pa
pa
pa
pa
pa
pa
pa
pa
pa
pa
pa
pb
pb
pb
pb
pb
pb
pb
pb
pb
pb
pb
pa
pa
pa
pa
pa
pa
pa
pa
pa
pa
pa
pb
pb
pb
pb
pb
pb
pb
pb
pb
pb
pb
pa
pa
pa
pa
pa
pa
pa
pa
pa
pa
pa
pb
pb
pb
pb
pb
pb
pb
pb
pb
pb
pb
pa
pa
pa
pa
pa
pa
pa
pa
pa
pa
pa
pb
pb
pb
pb
pb
pb
pb
pb
pb
pb
pb
pa
pa
pa
pa
pa
pa
pa
pa
pa
pa
pa
pb
pb
pb
pb
pb
pb
pb
pb
pb
pb
pb
pa
pa
pa
pa
pa
pa
pa
pa
pa
pa
pa
pb
pb
pb
pb
pb
pb
pb
pb
pb
pb
pb
pa
pa
pa
pa
pa
pa
pa
pa
pa
pa
pa
pb
pb
pb
pb
pb
pb
pb
pb
pb
pb
pb
pa
pa
pa
pa
pa
pa
pa
pa
pa
pa
pa
pb
pb
pb
pb
pb
pb
pb
pb
pb
pb
pb
pa
pa
pa
pa
pa
pa
pa
pa
pa
pa
pa
pb
pb
pb
pb
pb
pb
pb
pb
pb
pb
pb
pa
pa
pa
pa
pa
pa
pa
pa
pa
pa
pa
pb
pb
pb
pb
pb
pb
pb
pb
pb
pb
pb
pa
pa
pa
pa
pa
pa
pa
pa
pa
pa
pa
pb
pb
pb
pb
pb
pb
pb
pb
pb
pb
pb
pa
pa
pa
pa
pa
pa
pa
pa
pa
pa
pa
pb
pb
pb
pb
pb
pb
pb
pb
pb
pb
pb
pa
pa
pa
pa
pa
pa
pa
pa
pa
pa
pa
      210 :  0000 0000 0000 0000 0000 0000 1101 0010
column: 7
sign:    1        203 :  0000 0000 0000 0000 0000 0000 1100 1011
sign:    1        207 :  0000 0000 0000 0000 0000 0000 1100 1111
sign:    1        204 :  0000 0000 0000 0000 0000 0000 1100 1100
sign:    1        205 :  0000 0000 0000 0000 0000 0000 1100 1101
sign:    1        206 :  0000 0000 0000 0000 0000 0000 1100 1110
sign:    1        200 :  0000 0000 0000 0000 0000 0000 1100 1000
sign:    1        201 :  0000 0000 0000 0000 0000 0000 1100 1001
sign:    1        202 :  0000 0000 0000 0000 0000 0000 1100 1010
sign:    1        208 :  0000 0000 0000 0000 0000 0000 1101 0000
sign:    1        209 :  0000 0000 0000 0000 0000 0000 1101 0001
sign:    1        210 :  0000 0000 0000 0000 0000 0000 1101 0010
column: 7
sign:    1        203 :  0000 0000 0000 0000 0000 0000 1100 1011
sign:    1        207 :  0000 0000 0000 0000 0000 0000 1100 1111
sign:    1        204 :  0000 0000 0000 0000 0000 0000 1100 1100
sign:    1        205 :  0000 0000 0000 0000 0000 0000 1100 1101
sign:    1        206 :  0000 0000 0000 0000 0000 0000 1100 1110
sign:    1        200 :  0000 0000 0000 0000 0000 0000 1100 1000
sign:    1        201 :  0000 0000 0000 0000 0000 0000 1100 1001
sign:    1        202 :  0000 0000 0000 0000 0000 0000 1100 1010
sign:    1        208 :  0000 0000 0000 0000 0000 0000 1101 0000
sign:    1        209 :  0000 0000 0000 0000 0000 0000 1101 0001
sign:    1        210 :  0000 0000 0000 0000 0000 0000 1101 0010
stack:        a   |   b
       _____________________
          203 ( 1)|   .
          207 ( 1)|   .
          204 ( 1)|   .
          205 ( 1)|   .
          206 ( 1)|   .
          200 ( 1)|   .
          201 ( 1)|   .
          202 ( 1)|   .
          208 ( 1)|   .
          209 ( 1)|   .
          210 ( 1)|   .

sign:    1        203 :  0000 0000 0000 0000 0000 0000 1100 1011
sign:    1        207 :  0000 0000 0000 0000 0000 0000 1100 1111
sign:    1        204 :  0000 0000 0000 0000 0000 0000 1100 1100
sign:    1        205 :  0000 0000 0000 0000 0000 0000 1100 1101
sign:    1        206 :  0000 0000 0000 0000 0000 0000 1100 1110
sign:    1        200 :  0000 0000 0000 0000 0000 0000 1100 1000
sign:    1        201 :  0000 0000 0000 0000 0000 0000 1100 1001
sign:    1        202 :  0000 0000 0000 0000 0000 0000 1100 1010
sign:    1        208 :  0000 0000 0000 0000 0000 0000 1101 0000
sign:    1        209 :  0000 0000 0000 0000 0000 0000 1101 0001
sign:    1        210 :  0000 0000 0000 0000 0000 0000 1101 0010
